--https://github.com/hajibeza

repeat wait() until game.Players
repeat wait() until game.Players.LocalPlayer
repeat wait() until game.ReplicatedStorage
repeat wait() until game.ReplicatedStorage:FindFirstChild("Remotes");
repeat wait() until game.Players.LocalPlayer:FindFirstChild("PlayerGui");
repeat wait() until game.Players.LocalPlayer.PlayerGui:FindFirstChild("Main");
repeat wait() until game:GetService("Players")
repeat wait() until game:GetService("Players").LocalPlayer.Character:FindFirstChild("Energy")

wait(1)

if not game:IsLoaded() then repeat game.Loaded:Wait() until game:IsLoaded() end

if game:GetService("Players").LocalPlayer.PlayerGui.Main:FindFirstChild("ChooseTeam") then
	repeat wait()
		if game:GetService("Players").LocalPlayer.PlayerGui:WaitForChild("Main").ChooseTeam.Visible == true then
			if _G.Team == "Pirate" then
				for i, v in pairs(getconnections(game:GetService("Players").LocalPlayer.PlayerGui.Main.ChooseTeam.Container.Pirates.Frame.ViewportFrame.TextButton.Activated)) do                                                                                                
					v.Function()
				end
			elseif _G.Team == "Marine" then
				for i, v in pairs(getconnections(game:GetService("Players").LocalPlayer.PlayerGui.Main.ChooseTeam.Container.Marines.Frame.ViewportFrame.TextButton.Activated)) do                                                                                                
					v.Function()
				end
			else
				for i, v in pairs(getconnections(game:GetService("Players").LocalPlayer.PlayerGui.Main.ChooseTeam.Container.Pirates.Frame.ViewportFrame.TextButton.Activated)) do                                                                                                
					v.Function()
				end
			end
		end
	until game.Players.LocalPlayer.Team ~= nil and game:IsLoaded()
end

function deleteeffect()
	pcall(function()
		if game:GetService("ReplicatedStorage").Effect.Container:FindFirstChild("Spiral") then
			game:GetService("ReplicatedStorage").Effect.Container.Spiral:Destroy()
		end 
		if game:GetService("ReplicatedStorage").Effect.Container:FindFirstChild("GroundSmash") then
			game:GetService("ReplicatedStorage").Effect.Container.GroundSmash:Destroy()
		end
		if game:GetService("ReplicatedStorage").Effect.Container:FindFirstChild("WindLayer") then
			game:GetService("ReplicatedStorage").Effect.Container.WindLayer:Destroy()
		end
		if game:GetService("ReplicatedStorage").Effect.Container:FindFirstChild("MovementTrail") then
			game:GetService("ReplicatedStorage").Effect.Container.MovementTrail:Destroy()
		end
		if game:GetService("ReplicatedStorage").Effect.Container:FindFirstChild("RingWind") then
			game:GetService("ReplicatedStorage").Effect.Container.RingWind:Destroy()
		end
		if game:GetService("ReplicatedStorage").Effect.Container:FindFirstChild("WindSlash") then
			game:GetService("ReplicatedStorage").Effect.Container.WindSlash:Destroy()
		end
		if game:GetService("ReplicatedStorage").Effect.Container:FindFirstChild("Repeater") then
			game:GetService("ReplicatedStorage").Effect.Container.Repeater:Destroy()
		end
		if game:GetService("ReplicatedStorage").Effect.Container:FindFirstChild("TrailSlash") then
			game:GetService("ReplicatedStorage").Effect.Container.TrailSlash:Destroy()
		end
		if game:GetService("ReplicatedStorage").Effect.Container:FindFirstChild("Slash") then
			game:GetService("ReplicatedStorage").Effect.Container.Slash:Destroy()
		end
		if game:GetService("ReplicatedStorage").Effect.Container:FindFirstChild("KiExplosion") then
			game:GetService("ReplicatedStorage").Effect.Container.KiExplosion:Destroy()
		end
		if game:GetService("ReplicatedStorage").Effect.Container:FindFirstChild("FXCreatorTest") then
			game:GetService("ReplicatedStorage").Effect.Container.FXCreatorTest:Destroy()
		end
		if game:GetService("ReplicatedStorage").Effect.Container:FindFirstChild("ElectricStab") then
			game:GetService("ReplicatedStorage").Effect.Container.ElectricStab:Destroy()
		end
		if game:GetService("ReplicatedStorage").Effect.Container:FindFirstChild("BlastLayer") then
			game:GetService("ReplicatedStorage").Effect.Container.BlastLayer:Destroy()
		end
		if game:GetService("ReplicatedStorage").Effect.Container:FindFirstChild("DustExplosion") then
			game:GetService("ReplicatedStorage").Effect.Container.DustExplosion:Destroy()
		end
		if game:GetService("ReplicatedStorage").Effect.Container:FindFirstChild("BasicExplosion") then
			game:GetService("ReplicatedStorage").Effect.Container.BasicExplosion:Destroy()
		end
		if game:GetService("ReplicatedStorage").Effect.Container:FindFirstChild("Column") then
			game:GetService("ReplicatedStorage").Effect.Container.Column:Destroy()
		end
		if game:GetService("ReplicatedStorage").Effect.Container:FindFirstChild("spinweld") then
			game:GetService("ReplicatedStorage").Effect.Container.spinweld:Destroy()
		end
		if game:GetService("ReplicatedStorage").Effect.Container:FindFirstChild("SwordSlash") then
			game:GetService("ReplicatedStorage").Effect.Container.SwordSlash:Destroy()
		end
		if game:GetService("ReplicatedStorage").Effect.Container:FindFirstChild("Wind") then
			game:GetService("ReplicatedStorage").Effect.Container.Wind:Destroy()
		end
		if game:GetService("ReplicatedStorage").Effect.Container:FindFirstChild("Death") then
			game:GetService("ReplicatedStorage").Effect.Container:FindFirstChild("Death"):Destroy()
		end
		if game:GetService("ReplicatedStorage").Effect.Container:FindFirstChild("Respawn") then
			game:GetService("ReplicatedStorage").Effect.Container:FindFirstChild("Respawn"):Destroy()
		end
	end)
end

deleteeffect()

getgenv().SettingDefault = {
	Auto_Farm_Level = false;
	Auto_New_World = false;--lol
	Auto_Third_World = false;
	Auto_Farm_Max_Mastery_All_Sword = false;
	Auto_Farm_Chest = false;
	Auto_Farm_Chest_Hop = false;
	Auto_Elite_Hunter = false;
	Auto_Elite_Hunter_Hop = false;
	Stop_when_have_God_Chalice = false;
	Auto_Spawn_Cake_Prince = true;
	Auto_Cake_Prince = false;
	Select_Boss = {};
	Auto_Farm_Boss = false;
	Auto_Quest_Boss = true;
	Auto_Farm_All_Boss = false;
	Auto_Farm_Devil_Fruit_Mastery = false;
	Auto_Farm_Gun_Mastery = false;
	Distance_X = 0;
	Distance_Y = 30;
	Distance_Z = 0;
	Remove_Effect = false;
	Select_Health = 20;
	Mode_Farm = "Default Mode";
	Type_Fast_Attack = "[Safe] Fast Attack";
	Distance_Bring_Mob = 300;
	Fast_Attack = true;
	Fast_TP = false;
	Auto_Set_Spawn = true;
	Select_Level_to_Redeem_All_Code = 1;
	Auto_Redeem_All_Code = false;
	Select_Weapon = {};
	White_Screen = false;
	Black_Screen = false;
	Skill_Z = true;
	Skill_X = true;
	Skill_C = true;
	Skill_V = true;
	Auto_Saber = false;--lol
	Auto_Saber_Hop = false;
	Auto_Pole = false;
	Auto_Pole_Hop = false;
	Auto_Farm_Scrap_and_Leather = false;
	Auto_Farm_Angel_Wing = false;
	Auto_Factory_Farm = false;
	Auto_Farm_Ectoplasm = false;
	Auto_Bartilo_Quest = false,
	Auto_Rengoku = false;--lol
	Auto_Farm_Radioactive = false;
	Auto_Farm_Vampire_Fang = false;
	Auto_Farm_Mystic_Droplet = false;
	Auto_Evo_Race_V2 = false;--lol
	Auto_Swan_Glasses = false;
	Auto_Swan_Glasses_Hop = false;
	Auto_Dragon_Trident = false;
	Auto_Dragon_Trident_Hop = false;
	Auto_Buy_Legendary_Sword = false;
	Auto_Buy_Enchancement = false;
	Auto_Soul_Reaper = false;--lol
	Auto_Farm_GunPowder = false;
	Auto_Farm_Dragon_Scales = false;
	Auto_Soul_Reaper_Hop = false;
	Auto_Farm_Fish_Tail = false;
	Auto_Farm_Mini_Tusk = false;
	Auto_Farm_Magma_Ore = false;
	Auto_Farm_Bone = false;
	Auto_Farm_Conjured_Cocoa = false;
	Auto_Open_Dough_Dungeon = false;
	Auto_Yama = false;
	Auto_Trade_Bone = false;
	Auto_Soul_Guitar = false;
	Auto_Cursed_Dual_Katana = false;
	Auto_Rainbow_Haki = false;
	Auto_Rainbow_Haki_Hop = false;
	Auto_Musketeer_Hat = false;
	Auto_Holy_Torch = false;--lol
	Auto_Canvander = false;
	Auto_Canvander_Hop = false;
	Auto_Twin_Hook = false;
	Auto_Twin_Hook_Hop = false;
	Auto_Serpent_Bow = false;
	Auto_Serpent_Bow_Hop = false;
	Auto_Superhuman = false;
	Auto_Fully_Superhuman = false;--lol
	Auto_Death_Step = false;
	Auto_Fully_Death_Step = false;--lol
	Auto_SharkMan_Karate = false;
	Auto_Fully_SharkMan_Karate = false;--lol
	Auto_Electric_Claw = false;
	Auto_Dragon_Talon = false;
	Auto_God_Human = false;
	Auto_Fully_God_Human = false;
	Auto_Farm_Observation_Haki = false;
	Auto_Farm_Observation_Haki_Hop = false;
	Auto_Stats_Kaitun = false;
	Auto_Stats_Melee = false;
	Auto_Stats_Defense = false;
	Auto_Stats_Sword = false;
	Auto_Stats_Gun = false;
	Auto_Stats_Devil_Fruit = false;
	Point = 1;
	No_clip = false;
	Infinit_Energy = false;
	Dodge_No_CoolDown = false;
	Infinit_Ability = false;
	Infinit_SkyJump = false;
	Infinit_Soru = false;
	Infinit_Range_Observation_Haki = false;
	Select_Size_Fov = 200;
	Show_Fov = false;
	Select_Player = nil;
	Spectate_Player = false;
	Teleport_to_Player = false;
	Auto_Kill_Player_Melee = false;
	Auto_Kill_Player_Gun = false;
	Select_Island = nil;
	Start_Tween_Island = false;
	Select_Dungeon = "Flame";
	Auto_Buy_Chips_Dungeon = false;
	Auto_Start_Dungeon = false;
	Auto_Next_Island = false;
	Kill_Aura = false;
	Auto_Awake = false;
	Auto_Buy_Law_Chip = false;
	Auto_Start_Law_Dungeon = false;
	Auto_Kill_Law = false;
	Select_Weapon_Law_Raid = nil;
	Select_Devil_Fruit = nil;
	Auto_Buy_Devil_Fruit = false;
	Auto_Random_Fruit = false;
	Auto_Bring_Fruit = false;
	Auto_Bring_Spawn_Fruit = false;
	Auto_Store_Fruit = false;
	Auto_Buy_Chips_Dungeon_Hop = false;
	Auto_Find_Mirage_Island = false;
	Auto_Find_Mirage_Island_Hop = false;
	Auto_Find_Full_Moon = false;
	Auto_Find_Full_Moon_Mirage = false;
}

local foldername = "RIPPER HUB [V3 Script]"
local filename = game.Players.LocalPlayer.Name.."_BF_Config.json"

function saveSettings()
	local HttpService = game:GetService("HttpService")
	if (writefile) then
		if isfolder(foldername) then
			if isfile(foldername.."\\"..filename) then
				writefile(foldername.."\\"..filename, HttpService:JSONEncode(getgenv().Setting))
				print("Save")
			else
				print("Create File")
				writefile(foldername.."\\"..filename, HttpService:JSONEncode(getgenv().SettingDefault))
			end
		else
			print("Create Folder")
			makefolder(foldername)
			writefile(foldername.."\\"..filename, HttpService:JSONEncode(getgenv().SettingDefault))
		end
	end
end

function loadSettings()
	local HttpService = game:GetService("HttpService")
	if getgenv().Setting then else
		if isfile(foldername.."\\"..filename) then
			getgenv().Setting = HttpService:JSONDecode(readfile(foldername.."\\"..filename))
		end
	end
end

saveSettings()

print("loading")

loadSettings()

print("loaded")

-- if getgenv().Setting.Select_Weapon == nil then
--     for i,v in pairs(game:GetService("Players").LocalPlayer.Backpack:GetChildren()) do
--         if v.ToolTip == "Melee" then
--             if game.Players.LocalPlayer.Backpack:FindFirstChild(tostring(v.Name)) then
--                 getgenv().Setting.Select_Weapon = tostring(v.Name)
--             end
--         end
--     end
-- end

-- for i,v in pairs(game:GetService("Players").LocalPlayer.Backpack:GetChildren()) do
-- 	if v.ToolTip == "Melee" then
-- 		if game.Players.LocalPlayer.Backpack:FindFirstChild(tostring(v.Name)) then
-- 			_G.Select_Weapon_Kill_Player_Melee = tostring(v.Name)
-- 		end
-- 	end
-- end

-- if getgenv().Setting.Select_Weapon_Law_Raid == nil then
--     for i,v in pairs(game:GetService("Players").LocalPlayer.Backpack:GetChildren()) do
--         if v.ToolTip == "Melee" then
--             if game.Players.LocalPlayer.Backpack:FindFirstChild(tostring(v.Name)) then
--                 getgenv().Setting.Select_Weapon_Law_Raid = tostring(v.Name)
--             end
--         end
--     end
-- end

--------------------

if game.PlaceId == 2753915549 then
	World1 = true
elseif game.PlaceId == 4442272183 then
	World2 = true
elseif game.PlaceId == 7449423635 then
	World3 = true
end
 
function CheckQuest() 
	local MyLevel = game.Players.LocalPlayer.Data.Level.Value
    if World1 then
		if MyLevel == 1 or MyLevel <= 9 or _G.Select_Mob_Farm == "Bandit [Lv. 5]" then -- Bandit
			Ms = "Bandit [Lv. 5]"
			NameQuest = "BanditQuest1"
			LevelQuest = 1
			NameMon = "Bandit"
			CFrameQuest = CFrame.new(1061.66699, 16.5166187, 1544.52905, -0.942978859, -3.33851502e-09, 0.332852632, 7.04340497e-09, 1, 2.99841325e-08, -0.332852632, 3.06188177e-08, -0.942978859)
			CFrameMon = CFrame.new(1199.31287, 52.2717781, 1536.91516, -0.929782331, 6.60215846e-08, -0.368109822, 3.9077392e-08, 1, 8.06501603e-08, 0.368109822, 6.06023249e-08, -0.929782331)
			SPAWNPOINT = "Default"
        elseif MyLevel == 10 or MyLevel <= 14 or _G.Select_Mob_Farm == "Monkey [Lv. 14]" then -- Monkey
			Ms = "Monkey [Lv. 14]"
			NameQuest = "JungleQuest"
			LevelQuest = 1
				NameMon = "Monkey"
			CFrameQuest = CFrame.new(-1604.12012, 36.8521118, 154.23732, 0.0648873374, -4.70858913e-06, -0.997892559, 1.41431883e-07, 1, -4.70933674e-06, 0.997892559, 1.64442184e-07, 0.0648873374)
			CFrameMon = CFrame.new(-1502.74609, 98.5633316, 90.6417007, 0.836947978, 0, 0.547282517, -0, 1, -0, -0.547282517, 0, 0.836947978)
			SPAWNPOINT = "Jungle"
		elseif MyLevel == 15 or MyLevel <= 29 or _G.Select_Mob_Farm == "Gorilla [Lv. 20]" then -- Gorilla
			Ms = "Gorilla [Lv. 20]"
			NameQuest = "JungleQuest"
			LevelQuest = 2
			NameMon = "Gorilla"
			CFrameQuest = CFrame.new(-1604.12012, 36.8521118, 154.23732, 0.0648873374, -4.70858913e-06, -0.997892559, 1.41431883e-07, 1, -4.70933674e-06, 0.997892559, 1.64442184e-07, 0.0648873374)
			CFrameMon = CFrame.new(-1223.52808, 6.27936459, -502.292664, 0.310949147, -5.66602516e-08, 0.950426519, -3.37275488e-08, 1, 7.06501808e-08, -0.950426519, -5.40241736e-08, 0.310949147)
			SPAWNPOINT = "Jungle"
		elseif MyLevel == 30 or MyLevel <= 39 or _G.Select_Mob_Farm == "Pirate [Lv. 35]" then -- Pirate
			Ms = "Pirate [Lv. 35]"
			NameQuest = "BuggyQuest1"
			LevelQuest = 1
			NameMon = "Pirate"
			CFrameQuest = CFrame.new(-1139.59717, 4.75205183, 3825.16211, -0.959730506, -7.5857054e-09, 0.280922383, -4.06310328e-08, 1, -1.11807175e-07, -0.280922383, -1.18718916e-07, -0.959730506)
			CFrameMon = CFrame.new(-1219.32324, 4.75205183, 3915.63452, -0.966492832, -6.91238853e-08, 0.25669381, -5.21195496e-08, 1, 7.3047012e-08, -0.25669381, 5.72206496e-08, -0.966492832)
			SPAWNPOINT = "Pirate"
		elseif MyLevel == 40 or MyLevel <= 59 or _G.Select_Mob_Farm == "Brute [Lv. 45]" then -- Brute
			Ms = "Brute [Lv. 45]"
			NameQuest = "BuggyQuest1"
			LevelQuest = 2
			NameMon = "Brute"
			CFrameQuest = CFrame.new(-1139.59717, 4.75205183, 3825.16211, -0.959730506, -7.5857054e-09, 0.280922383, -4.06310328e-08, 1, -1.11807175e-07, -0.280922383, -1.18718916e-07, -0.959730506)
			CFrameMon = CFrame.new(-1146.49646, 96.0936813, 4312.1333, -0.978175163, -1.53222057e-08, 0.207781896, -3.33316912e-08, 1, -8.31738873e-08, -0.207781896, -8.82843523e-08, -0.978175163)
			SPAWNPOINT = "Pirate"
		elseif MyLevel == 60 or MyLevel <= 74 or _G.Select_Mob_Farm == "Desert Bandit [Lv. 60]" then -- Desert Bandit
			Ms = "Desert Bandit [Lv. 60]"
			NameQuest = "DesertQuest"
			LevelQuest = 1
			NameMon = "Desert Bandit"
			CFrameQuest = CFrame.new(897.031128, 6.43846416, 4388.97168, -0.804044724, 3.68233266e-08, 0.594568789, 6.97835176e-08, 1, 3.24365246e-08, -0.594568789, 6.75715199e-08, -0.804044724)
			CFrameMon = CFrame.new(932.788818, 6.4503746, 4488.24609, -0.998625934, 3.08948351e-08, 0.0524050146, 2.79967303e-08, 1, -5.60361286e-08, -0.0524050146, -5.44919629e-08, -0.998625934)
			SPAWNPOINT = "Desert"
		elseif MyLevel == 75 or MyLevel <= 89 or _G.Select_Mob_Farm == "Desert Officer [Lv. 70]" then -- Desert Officre
			Ms = "Desert Officer [Lv. 70]"
			NameQuest = "DesertQuest"
			LevelQuest = 2
			NameMon = "Desert Officer"
			CFrameQuest = CFrame.new(897.031128, 6.43846416, 4388.97168, -0.804044724, 3.68233266e-08, 0.594568789, 6.97835176e-08, 1, 3.24365246e-08, -0.594568789, 6.75715199e-08, -0.804044724)
			CFrameMon = CFrame.new(1580.03198, 4.61375761, 4366.86426, 0.135744005, -6.44280718e-08, -0.990743816, 4.35738308e-08, 1, -5.90598574e-08, 0.990743816, -3.51534837e-08, 0.135744005)
			SPAWNPOINT = "Desert"
		elseif MyLevel == 90 or MyLevel <= 99 or _G.Select_Mob_Farm == "Snow Bandit [Lv. 90]" then -- Snow Bandits
			Ms = "Snow Bandit [Lv. 90]"
			NameQuest = "SnowQuest"
			LevelQuest = 1
			NameMon = "Snow Bandits"
			CFrameQuest = CFrame.new(1384.14001, 87.272789, -1297.06482, 0.348555952, -2.53947841e-09, -0.937287986, 1.49860568e-08, 1, 2.86358204e-09, 0.937287986, -1.50443711e-08, 0.348555952)
			CFrameMon = CFrame.new(1370.24316, 102.403511, -1411.52905, 0.980274439, -1.12995728e-08, 0.197641045, -9.57343449e-09, 1, 1.04655214e-07, -0.197641045, -1.04482936e-07, 0.980274439)
			SPAWNPOINT = "Ice"
		elseif MyLevel == 100 or MyLevel <= 119 or _G.Select_Mob_Farm == "Snowman [Lv. 100]"  then -- Snowman
			Ms = "Snowman [Lv. 100]"
			NameQuest = "SnowQuest"
			LevelQuest = 2
			NameMon = "Snowman"
			CFrameQuest = CFrame.new(1384.14001, 87.272789, -1297.06482, 0.348555952, -2.53947841e-09, -0.937287986, 1.49860568e-08, 1, 2.86358204e-09, 0.937287986, -1.50443711e-08, 0.348555952)
			CFrameMon = CFrame.new(1370.24316, 102.403511, -1411.52905, 0.980274439, -1.12995728e-08, 0.197641045, -9.57343449e-09, 1, 1.04655214e-07, -0.197641045, -1.04482936e-07, 0.980274439)
			SPAWNPOINT = "Ice"
		elseif MyLevel == 120 or MyLevel <= 149 or _G.Select_Mob_Farm == "Chief Petty Officer [Lv. 120]" then -- Chief Petty Officer
			Ms = "Chief Petty Officer [Lv. 120]"
			NameQuest = "MarineQuest2"
			LevelQuest = 1
			NameMon = "Chief Petty Officer"
			CFrameQuest = CFrame.new(-5035.0835, 28.6520386, 4325.29443, 0.0243340395, -7.08064647e-08, 0.999703884, -6.36926814e-08, 1, 7.23777944e-08, -0.999703884, -6.54350671e-08, 0.0243340395)
			CFrameMon = CFrame.new(-4857.04931640625, 22.65204429626465, 4302.4150390625)
			SPAWNPOINT = "MarineBase"
		elseif MyLevel == 150 or MyLevel <= 174 or _G.Select_Mob_Farm == "Sky Bandit [Lv. 150]" then -- Sky Bandit
			Ms = "Sky Bandit [Lv. 150]"
			NameQuest = "SkyQuest"
			LevelQuest = 1
			NameMon = "Sky Bandit"
			CFrameQuest = CFrame.new(-4841.83447, 717.669617, -2623.96436, -0.875942111, 5.59710216e-08, -0.482416272, 3.04023082e-08, 1, 6.08195947e-08, 0.482416272, 3.86078725e-08, -0.875942111)
			CFrameMon = CFrame.new(-4970.74219, 294.544342, -2890.11353, -0.994874597, -8.61311236e-08, -0.101116329, -9.10836206e-08, 1, 4.43614923e-08, 0.101116329, 5.33441664e-08, -0.994874597)
			SPAWNPOINT = "Sky"
		elseif MyLevel == 175 or MyLevel <= 189 or _G.Select_Mob_Farm == "Dark Master [Lv. 175]" then -- Dark Master
			Ms = "Dark Master [Lv. 175]"
			NameQuest = "SkyQuest"
			LevelQuest = 2
			NameMon = "Dark Master"
			CFrameQuest = CFrame.new(-4841.83447, 717.669617, -2623.96436, -0.875942111, 5.59710216e-08, -0.482416272, 3.04023082e-08, 1, 6.08195947e-08, 0.482416272, 3.86078725e-08, -0.875942111)
			CFrameMon = CFrame.new(-5220.58594, 430.693298, -2278.17456, -0.925375521, 1.12086873e-08, 0.379051805, -1.05115507e-08, 1, -5.52320891e-08, -0.379051805, -5.50948407e-08, -0.925375521)
			SPAWNPOINT = "Sky"
		elseif MyLevel == 190 or MyLevel <= 209 or _G.Select_Mob_Farm == "Prisoner [Lv. 190]" then
			Ms = "Prisoner [Lv. 190]"
			NameQuest = "PrisonerQuest"
			LevelQuest = 1
			NameMon = "Prisoner"
			CFrameQuest = CFrame.new(5308.93115, 1.65517521, 475.120514, -0.0894274712, -5.00292918e-09, -0.995993316, 1.60817859e-09, 1, -5.16744869e-09, 0.995993316, -2.06384709e-09, -0.0894274712)
			CFrameMon = CFrame.new(5433.39307, 88.678093, 514.986877, 0.879988372, 0, -0.474995494, 0, 1, 0, 0.474995494, 0, 0.879988372)
			SPAWNPOINT = "Prison"
		elseif MyLevel == 210 or MyLevel <= 249 or _G.Select_Mob_Farm == "Dangerous Prisoner [Lv. 210]" then
			Ms = "Dangerous Prisoner [Lv. 210]"
			NameQuest = "PrisonerQuest"
			LevelQuest = 2
			NameMon = "Dangerous Prisoner"
			CFrameQuest = CFrame.new(5308.93115, 1.65517521, 475.120514, -0.0894274712, -5.00292918e-09, -0.995993316, 1.60817859e-09, 1, -5.16744869e-09, 0.995993316, -2.06384709e-09, -0.0894274712)
			CFrameMon = CFrame.new(5433.39307, 88.678093, 514.986877, 0.879988372, 0, -0.474995494, 0, 1, 0, 0.474995494, 0, 0.879988372)
			SPAWNPOINT = "Prison"
		elseif MyLevel == 250 or MyLevel <= 274 or _G.Select_Mob_Farm == "Toga Warrior [Lv. 225]" then -- Toga Warrior
			Ms = "Toga Warrior [Lv. 250]"
			NameQuest = "ColosseumQuest"
			LevelQuest = 1
			NameMon = "Toga Warrior"
			CFrameQuest = CFrame.new(-1576.11743, 7.38933945, -2983.30762, 0.576966345, 1.22114863e-09, 0.816767931, -3.58496594e-10, 1, -1.24185606e-09, -0.816767931, 4.2370063e-10, 0.576966345)
			CFrameMon = CFrame.new(-1779.97583, 44.6077499, -2736.35474, 0.984437346, 4.10396339e-08, 0.175734788, -3.62286876e-08, 1, -3.05844168e-08, -0.175734788, 2.3741821e-08, 0.984437346)
			SPAWNPOINT = "Colosseum"
		elseif MyLevel == 275 or MyLevel <= 299 or _G.Select_Mob_Farm == "Gladiator [Lv. 275]" then -- Gladiato
			Ms = "Gladiator [Lv. 275]"
			NameQuest = "ColosseumQuest"
			LevelQuest = 2
			NameMon = "Gladiator"
			CFrameQuest = CFrame.new(-1576.11743, 7.38933945, -2983.30762, 0.576966345, 1.22114863e-09, 0.816767931, -3.58496594e-10, 1, -1.24185606e-09, -0.816767931, 4.2370063e-10, 0.576966345)
			CFrameMon = CFrame.new(-1274.75903, 58.1895943, -3188.16309, 0.464524001, 6.21005611e-08, 0.885560572, -4.80449414e-09, 1, -6.76054768e-08, -0.885560572, 2.71497012e-08, 0.464524001)
			CFrameMon1 = CFrame.new(-1228.08655, 7.94624376, -3051.79077, -0.808997631, 0, 0.587812185, 0, 1, 0, -0.587812185, 0, -0.808997631)
			CFrameMon2 = CFrame.new(-1483.70422, 7.94624376, -3195.21216, -0.92051065, 0, -0.390717506, 0, 1, 0, 0.390717506, 0, -0.92051065)
			CFrameMon3 = CFrame.new(-1370.35779, 7.94624376, -3377.35938, -0.92051065, 0, -0.390717506, 0, 1, 0, 0.390717506, 0, -0.92051065)
			CFrameMon4 = CFrame.new(-1356.95862, 7.94624376, -3590.6062, -0.587748766, 0, -0.809043527, 0, 1, 0, 0.809043527, 0, -0.587748766)
			CFrameMon5 = CFrame.new(-1125.07129, 7.94624376, -3270.25024, -0.965929747, 0, 0.258804798, 0, 1, 0, -0.258804798, 0, -0.965929747)
			SPAWNPOINT = "Colosseum"
		elseif MyLevel == 300 or MyLevel <= 324 or _G.Select_Mob_Farm == "Military Soldier [Lv. 300]" then -- Military Soldier
			Ms = "Military Soldier [Lv. 300]"
			NameQuest = "MagmaQuest"
			LevelQuest = 1
			NameMon = "Military Soldier"
			CFrameQuest = CFrame.new(-5316.55859, 12.2370615, 8517.2998, 0.588437557, -1.37880001e-08, -0.808542669, -2.10116209e-08, 1, -3.23446478e-08, 0.808542669, 3.60215964e-08, 0.588437557)
			CFrameMon = CFrame.new(-5363.01123, 41.5056877, 8548.47266, -0.578253984, -3.29503091e-10, 0.815856814, 9.11209668e-08, 1, 6.498761e-08, -0.815856814, 1.11920997e-07, -0.578253984)
			SPAWNPOINT = "Magma"
		elseif MyLevel == 325 or MyLevel <= 374 or _G.Select_Mob_Farm == "Military Spy [Lv. 330]" then -- Military Spy
			Ms = "Military Spy [Lv. 325]"
			NameQuest = "MagmaQuest"
			LevelQuest = 2
			NameMon = "Military Spy"
			CFrameQuest = CFrame.new(-5316.55859, 12.2370615, 8517.2998, 0.588437557, -1.37880001e-08, -0.808542669, -2.10116209e-08, 1, -3.23446478e-08, 0.808542669, 3.60215964e-08, 0.588437557)
			CFrameMon = CFrame.new(-5787.99023, 120.864456, 8762.25293, -0.188358366, -1.84706277e-08, 0.982100308, -1.23782129e-07, 1, -4.93306951e-09, -0.982100308, -1.22495649e-07, -0.188358366)
			SPAWNPOINT = "Magma"
		elseif MyLevel == 375 or MyLevel <= 399 or _G.Select_Mob_Farm == "Fishman Warrior [Lv. 375]" then -- Fishman Warrior
			Ms = "Fishman Warrior [Lv. 375]"
			NameQuest = "FishmanQuest"
			LevelQuest = 1
			NameMon = "Fishman Warrior"
			CFrameQuest = CFrame.new(61122.5625, 18.4716396, 1568.16504, 0.893533468, 3.95251609e-09, 0.448996574, -2.34327455e-08, 1, 3.78297464e-08, -0.448996574, -4.43233645e-08, 0.893533468)
			CFrameMon = CFrame.new(60946.6094, 48.6735229, 1525.91687, -0.0817126185, 8.90751153e-08, 0.996655822, 2.00889794e-08, 1, -8.77269599e-08, -0.996655822, 1.28533992e-08, -0.0817126185)
			SPAWNPOINT = "Fountain"
			CanWarp = true
			PositionWarp = Vector3.new(61163.8515625, 11.6796875, 1819.7841796875)
			DistanceWarp = 3000
        elseif MyLevel == 400 or MyLevel <= 449 or _G.Select_Mob_Farm == "Fishman Commando [Lv. 400]" then -- Fishman Commando
			Ms = "Fishman Commando [Lv. 400]"
			NameQuest = "FishmanQuest"
			LevelQuest = 2
			NameMon = "Fishman Commando"
			CFrameQuest = CFrame.new(61122.5625, 18.4716396, 1568.16504, 0.893533468, 3.95251609e-09, 0.448996574, -2.34327455e-08, 1, 3.78297464e-08, -0.448996574, -4.43233645e-08, 0.893533468)
			CFrameMon = CFrame.new(61885.5039, 18.4828243, 1504.17896, 0.577502489, 0, -0.816389024, -0, 1.00000012, -0, 0.816389024, 0, 0.577502489)
			SPAWNPOINT = "Fountain"
			CanWarp = true
			PositionWarp = Vector3.new(61163.8515625, 11.6796875, 1819.7841796875)
			DistanceWarp = 3000
        elseif MyLevel == 450 or MyLevel <= 474 or _G.Select_Mob_Farm == "God's Guard [Lv. 450]" then -- God's Guards
			Ms = "God's Guard [Lv. 450]"
			NameQuest = "SkyExp1Quest"
			LevelQuest = 1
			NameMon = "God's Guards"
			CFrameQuest = CFrame.new(-4721.71436, 845.277161, -1954.20105, -0.999277651, -5.56969759e-09, 0.0380011722, -4.14751478e-09, 1, 3.75035256e-08, -0.0380011722, 3.73188307e-08, -0.999277651)
			CFrameMon = CFrame.new(-4716.95703, 853.089722, -1933.92542, -0.93441087, -6.77488776e-09, -0.356197298, 1.12145182e-08, 1, -4.84390199e-08, 0.356197298, -4.92565206e-08, -0.93441087)
			SPAWNPOINT = "Sky"
			CanWarp = true
			PositionWarp = Vector3.new(-4607.82275, 872.54248, -1667.55688)
			DistanceWarp = 3000
        elseif MyLevel == 475 or MyLevel <= 524 or _G.Select_Mob_Farm == "Shanda [Lv. 475]" then -- Shandas
            sky = false
			Ms = "Shanda [Lv. 475]"
			NameQuest = "SkyExp1Quest"
			LevelQuest = 2
			NameMon = "Shandas"
			CFrameQuest = CFrame.new(-7863.63672, 5545.49316, -379.826324, 0.362120807, -1.98046344e-08, -0.93213129, 4.05822291e-08, 1, -5.48095125e-09, 0.93213129, -3.58431969e-08, 0.362120807)
			CFrameMon = CFrame.new(-7685.12354, 5601.05127, -443.171509, 0.150056243, 1.79768236e-08, -0.988677442, 6.67798661e-09, 1, 1.91962481e-08, 0.988677442, -9.48289181e-09, 0.150056243)
			SPAWNPOINT = "Sky"
			CanWarp = true
			PositionWarp = Vector3.new(-7894.6176757813, 5547.1416015625, -380.29119873047)
			DistanceWarp = 3000
		elseif MyLevel == 525 or MyLevel <= 549 or _G.Select_Mob_Farm == "Royal Squad [Lv. 525]" then -- Royal Squad
            sky = true
			Ms = "Royal Squad [Lv. 525]"
			NameQuest = "SkyExp2Quest"
			LevelQuest = 1
			NameMon = "Royal Squad"
			CFrameQuest = CFrame.new(-7902.66895, 5635.96387, -1411.71802, 0.0504222959, 2.5710392e-08, 0.998727977, 1.12541557e-07, 1, -3.14249675e-08, -0.998727977, 1.13982921e-07, 0.0504222959)
			CFrameMon = CFrame.new(-7685.02051, 5606.87842, -1442.729, 0.561947823, 7.69527464e-09, -0.827172697, -4.24974544e-09, 1, 6.41599973e-09, 0.827172697, -9.01838604e-11, 0.561947823)
			SPAWNPOINT = "Sky2"
			CanWarp = true
			PositionWarp = Vector3.new(-7894.6176757813, 5547.1416015625, -380.29119873047)
			DistanceWarp = 3000
		elseif MyLevel == 550 or MyLevel <= 624 or _G.Select_Mob_Farm == "Royal Soldier [Lv. 550]" then -- Royal Soldier
            Dis = 240
            sky = true
			Ms = "Royal Soldier [Lv. 550]"
			NameQuest = "SkyExp2Quest"
			LevelQuest = 2
			NameMon = "Royal Soldier"
			CFrameQuest = CFrame.new(-7902.66895, 5635.96387, -1411.71802, 0.0504222959, 2.5710392e-08, 0.998727977, 1.12541557e-07, 1, -3.14249675e-08, -0.998727977, 1.13982921e-07, 0.0504222959)
			CFrameMon = CFrame.new(-7864.44775, 5661.94092, -1708.22351, 0.998389959, 2.28686137e-09, -0.0567218624, 1.99431383e-09, 1, 7.54200258e-08, 0.0567218624, -7.54117195e-08, 0.998389959)
			SPAWNPOINT = "Sky2"
			CanWarp = true
			PositionWarp = Vector3.new(-7894.6176757813, 5547.1416015625, -380.29119873047)
			DistanceWarp = 3000
		elseif MyLevel == 625 or MyLevel <= 649 or _G.Select_Mob_Farm == "Galley Pirate [Lv. 625]" then -- Galley Pirate
            Dis = 240
            sky = false
			Ms = "Galley Pirate [Lv. 625]"
			NameQuest = "FountainQuest"
			LevelQuest = 1
			NameMon = "Galley Pirate"
			CFrameQuest = CFrame.new(5254.60156, 38.5011406, 4049.69678, -0.0504891425, -3.62066501e-08, -0.998724639, -9.87921389e-09, 1, -3.57534553e-08, 0.998724639, 8.06145284e-09, -0.0504891425)
			CFrameMon = CFrame.new(5595.06982, 41.5013695, 3961.47095, -0.992138803, -2.11610267e-08, -0.125142589, -1.34249509e-08, 1, -6.26613996e-08, 0.125142589, -6.04887518e-08, -0.992138803)
			SPAWNPOINT = "Fountain"
			CanWarp = false
			PositionWarp = nil
			DistanceWarp = nil
		elseif MyLevel >= 650 or _G.Select_Mob_Farm == "Galley Captain [Lv. 650]" then -- Galley Captain
            Dis = 240
			Ms = "Galley Captain [Lv. 650]"
			NameQuest = "FountainQuest"
			LevelQuest = 2
			NameMon = "Galley Captain"
			CFrameQuest = CFrame.new(5254.60156, 38.5011406, 4049.69678, -0.0504891425, -3.62066501e-08, -0.998724639, -9.87921389e-09, 1, -3.57534553e-08, 0.998724639, 8.06145284e-09, -0.0504891425)
			CFrameMon = CFrame.new(5658.5752, 38.5361786, 4928.93506, -0.996873081, 2.12391046e-06, -0.0790185928, 2.16989656e-06, 1, -4.96097414e-07, 0.0790185928, -6.66008248e-07, -0.996873081)
			SPAWNPOINT = "Fountain"
		end
    elseif World2 then
		if MyLevel == 700 or MyLevel <= 724 or _G.Select_Mob_Farm == "Raider [Lv. 700]" then -- Raider [Lv. 700]
			Ms = "Raider [Lv. 700]"
			NameQuest = "Area1Quest"
			LevelQuest = 1
			NameMon = "Raider"
			CFrameQuest = CFrame.new(-424.080078, 73.0055847, 1836.91589, 0.253544956, -1.42165932e-08, 0.967323601, -6.00147771e-08, 1, 3.04272909e-08, -0.967323601, -6.5768397e-08, 0.253544956)
			CFrameMon = CFrame.new(-737.026123, 39.1748352, 2392.57959, 0.272128761, 0, -0.962260842, -0, 1, -0, 0.962260842, 0, 0.272128761)
			SPAWNPOINT = "DressTown"
		elseif MyLevel == 725 or MyLevel <= 774 or _G.Select_Mob_Farm == "Mercenary [Lv. 725]" then -- Mercenary [Lv. 725]
			Ms = "Mercenary [Lv. 725]"
			NameQuest = "Area1Quest"
			LevelQuest = 2
			NameMon = "Mercenary"
			CFrameQuest = CFrame.new(-424.080078, 73.0055847, 1836.91589, 0.253544956, -1.42165932e-08, 0.967323601, -6.00147771e-08, 1, 3.04272909e-08, -0.967323601, -6.5768397e-08, 0.253544956)
			CFrameMon = CFrame.new(-973.731995, 95.8733215, 1836.46936, 0.999135971, 2.02326991e-08, -0.0415605344, -1.90767793e-08, 1, 2.82094952e-08, 0.0415605344, -2.73922804e-08, 0.999135971)
			SPAWNPOINT = "DressTown"
		elseif MyLevel == 775 or MyLevel <= 799 or _G.Select_Mob_Farm == "Swan Pirate [Lv. 775]" then -- Swan Pirate [Lv. 775]
			Ms = "Swan Pirate [Lv. 775]"
			NameQuest = "Area2Quest"
			LevelQuest = 1
			NameMon = "Swan Pirate"
			CFrameQuest = CFrame.new(632.698608, 73.1055908, 918.666321, -0.0319722369, 8.96074881e-10, -0.999488771, 1.36326533e-10, 1, 8.92172336e-10, 0.999488771, -1.07732087e-10, -0.0319722369)
			CFrameMon = CFrame.new(970.369446, 142.653198, 1217.3667, 0.162079468, -4.85452638e-08, -0.986777723, 1.03357589e-08, 1, -4.74980872e-08, 0.986777723, -2.50063148e-09, 0.162079468)
			SPAWNPOINT = "DressTown"
		elseif MyLevel == 800 or MyLevel <= 874 or _G.Select_Mob_Farm == "Factory Staff [Lv. 800]" then -- Factory Staff [Lv. 800]
			Ms = "Factory Staff [Lv. 800]"
			NameQuest = "Area2Quest"
			LevelQuest = 2
			NameMon = "Factory Staff"
			CFrameQuest = CFrame.new(632.698608, 73.1055908, 918.666321, -0.0319722369, 8.96074881e-10, -0.999488771, 1.36326533e-10, 1, 8.92172336e-10, 0.999488771, -1.07732087e-10, -0.0319722369)
			CFrameMon = CFrame.new(296.786499, 72.9948196, -57.1298141, -0.876037002, -5.32364979e-08, 0.482243896, -3.87658332e-08, 1, 3.99718729e-08, -0.482243896, 1.63222538e-08, -0.876037002)
			SPAWNPOINT = "DressTown"
		elseif MyLevel == 875 or MyLevel <= 899 or _G.Select_Mob_Farm == "Marine Lieutenant [Lv. 875]" then -- Marine Lieutenant [Lv. 875]
			Ms = "Marine Lieutenant [Lv. 875]"
			NameQuest = "MarineQuest3"
			LevelQuest = 1
			NameMon = "Marine Lieutenant"
			CFrameQuest = CFrame.new(-2442.65015, 73.0511475, -3219.11523, -0.873540044, 4.2329841e-08, -0.486752301, 5.64383384e-08, 1, -1.43220786e-08, 0.486752301, -3.99823996e-08, -0.873540044)
			CFrameMon = CFrame.new(-2913.26367, 73.0011826, -2971.64282, 0.910507619, 0, 0.413492233, 0, 1.00000012, 0, -0.413492233, 0, 0.910507619)
			SPAWNPOINT = "Greenb"
		elseif MyLevel == 900 or MyLevel <= 949 or _G.Select_Mob_Farm == "Marine Captain [Lv. 900]" then -- Marine Captain [Lv. 900]
			Ms = "Marine Captain [Lv. 900]"
			NameQuest = "MarineQuest3"
			LevelQuest = 2
			NameMon = "Marine Captain"
			CFrameQuest = CFrame.new(-2442.65015, 73.0511475, -3219.11523, -0.873540044, 4.2329841e-08, -0.486752301, 5.64383384e-08, 1, -1.43220786e-08, 0.486752301, -3.99823996e-08, -0.873540044)
			CFrameMon = CFrame.new(-1868.67688, 73.0011826, -3321.66333, -0.971402287, 1.06502087e-08, 0.237439692, 3.68856199e-08, 1, 1.06050372e-07, -0.237439692, 1.11775684e-07, -0.971402287)
			SPAWNPOINT = "Greenb"
		elseif MyLevel == 950 or MyLevel <= 974 or _G.Select_Mob_Farm == "Zombie [Lv. 950]" then -- Zombie [Lv. 950]
			Ms = "Zombie [Lv. 950]"
			NameQuest = "ZombieQuest"
			LevelQuest = 1
			NameMon = "Zombie"
			CFrameQuest = CFrame.new(-5492.79395, 48.5151672, -793.710571, 0.321800292, -6.24695815e-08, 0.946807742, 4.05616092e-08, 1, 5.21931227e-08, -0.946807742, 2.16082796e-08, 0.321800292)
			CFrameMon = CFrame.new(-5634.83838, 126.067039, -697.665039, -0.992770672, 6.77618939e-09, 0.120025545, 1.65461245e-08, 1, 8.04023372e-08, -0.120025545, 8.18070234e-08, -0.992770672)
			SPAWNPOINT = "Graveyard"
		elseif MyLevel == 975 or MyLevel <= 999 or _G.Select_Mob_Farm == "Vampire [Lv. 975]" then -- Vampire [Lv. 975]
			Ms = "Vampire [Lv. 975]"
			NameQuest = "ZombieQuest"
			LevelQuest = 2
			NameMon = "Vampire"
			CFrameQuest = CFrame.new(-5492.79395, 48.5151672, -793.710571, 0.321800292, -6.24695815e-08, 0.946807742, 4.05616092e-08, 1, 5.21931227e-08, -0.946807742, 2.16082796e-08, 0.321800292)
			CFrameMon = CFrame.new(-6030.32031, 6.4377408, -1313.5564, -0.856965423, 3.9138893e-08, -0.515373945, -1.12178942e-08, 1, 9.45958547e-08, 0.515373945, 8.68467822e-08, -0.856965423)
			SPAWNPOINT = "Graveyard"
		elseif MyLevel == 1000 or MyLevel <= 1049 or _G.Select_Mob_Farm == "Snow Trooper [Lv. 1000]" then -- Snow Trooper [Lv. 1000] **
			Ms = "Snow Trooper [Lv. 1000]"
			NameQuest = "SnowMountainQuest"
			LevelQuest = 1
			NameMon = "Snow Trooper"
			CFrameQuest = CFrame.new(604.964966, 401.457062, -5371.69287, 0.353063971, 1.89520435e-08, -0.935599446, -5.81846002e-08, 1, -1.70033754e-09, 0.935599446, 5.50377841e-08, 0.353063971)
			CFrameMon = CFrame.new(535.893433, 401.457062, -5329.6958, -0.999524176, 0, 0.0308452044, 0, 1, -0, -0.0308452044, 0, -0.999524176)
			SPAWNPOINT = "Snowy"
		elseif MyLevel == 1050 or MyLevel <= 1099 or _G.Select_Mob_Farm == "Winter Warrior [Lv. 1050]" then -- Winter Warrior [Lv. 1050]
			Ms = "Winter Warrior [Lv. 1050]"
			NameQuest = "SnowMountainQuest"
			LevelQuest = 2
			NameMon = "Winter Warrior"
			CFrameQuest = CFrame.new(604.964966, 401.457062, -5371.69287, 0.353063971, 1.89520435e-08, -0.935599446, -5.81846002e-08, 1, -1.70033754e-09, 0.935599446, 5.50377841e-08, 0.353063971)
			CFrameMon = CFrame.new(1223.7417, 454.575226, -5170.02148, 0.473996818, 2.56845354e-08, 0.880526543, -5.62456428e-08, 1, 1.10811016e-09, -0.880526543, -5.00510211e-08, 0.473996818)
			SPAWNPOINT = "Snowy"
		elseif MyLevel == 1100 or MyLevel <= 1124 or _G.Select_Mob_Farm == "Lab Subordinate [Lv. 1100]" then -- Lab Subordinate [Lv. 1100]
			Ms = "Lab Subordinate [Lv. 1100]"
			NameQuest = "IceSideQuest"
			LevelQuest = 1
			NameMon = "Lab Subordinate"
			CFrameQuest = CFrame.new(-6060.10693, 15.9868021, -4904.7876, -0.411000341, -5.06538868e-07, 0.91163528, 1.26306062e-07, 1, 6.12581289e-07, -0.91163528, 3.66916197e-07, -0.411000341)
			CFrameMon = CFrame.new(-5769.2041, 37.9288292, -4468.38721, -0.569419742, -2.49055017e-08, 0.822046936, -6.96206541e-08, 1, -1.79282633e-08, -0.822046936, -6.74401548e-08, -0.569419742)
			SPAWNPOINT = "CircleIslandIce"
		elseif MyLevel == 1125 or MyLevel <= 1174 or _G.Select_Mob_Farm == "Horned Warrior [Lv. 1125]" then -- Horned Warrior [Lv. 1125]
			Ms = "Horned Warrior [Lv. 1125]"
			NameQuest = "IceSideQuest"
			LevelQuest = 2
			NameMon = "Horned Warrior"
			CFrameQuest = CFrame.new(-6060.10693, 15.9868021, -4904.7876, -0.411000341, -5.06538868e-07, 0.91163528, 1.26306062e-07, 1, 6.12581289e-07, -0.91163528, 3.66916197e-07, -0.411000341)
			CFrameMon = CFrame.new(-6400.85889, 24.7645149, -5818.63574, -0.964845479, 8.65926566e-08, -0.262817472, 3.98261392e-07, 1, -1.13260398e-06, 0.262817472, -1.19745812e-06, -0.964845479)
			SPAWNPOINT = "CircleIslandIce"
		elseif MyLevel == 1175 or MyLevel <= 1199 or _G.Select_Mob_Farm == "Magma Ninja [Lv. 1175]" then -- Magma Ninja [Lv. 1175]
			Ms = "Magma Ninja [Lv. 1175]"
			NameQuest = "FireSideQuest"
			LevelQuest = 1
			NameMon = "Magma Ninja"
			CFrameQuest = CFrame.new(-5431.09473, 15.9868021, -5296.53223, 0.831796765, 1.15322464e-07, -0.555080295, -1.10814341e-07, 1, 4.17010995e-08, 0.555080295, 2.68240168e-08, 0.831796765)
			CFrameMon = CFrame.new(-5496.65576, 58.6890411, -5929.76855, -0.885073781, 0, -0.465450764, 0, 1.00000012, -0, 0.465450764, 0, -0.885073781)
			SPAWNPOINT = "CircleIslandFire"
		elseif MyLevel == 1200 or MyLevel <= 1249 or _G.Select_Mob_Farm == "Lava Pirate [Lv. 1200]" then -- Lava Pirate [Lv. 1200]
			Ms = "Lava Pirate [Lv. 1200]"
			NameQuest = "FireSideQuest"
			LevelQuest = 2
			NameMon = "Lava Pirate"
			CFrameQuest = CFrame.new(-5431.09473, 15.9868021, -5296.53223, 0.831796765, 1.15322464e-07, -0.555080295, -1.10814341e-07, 1, 4.17010995e-08, 0.555080295, 2.68240168e-08, 0.831796765)
			CFrameMon = CFrame.new(-5169.71729, 34.1234779, -4669.73633, -0.196780294, 0, 0.98044765, 0, 1.00000012, -0, -0.98044765, 0, -0.196780294)
			SPAWNPOINT = "CircleIslandFire"
		elseif MyLevel == 1250 or MyLevel <= 1274 or _G.Select_Mob_Farm == "Ship Deckhand [Lv. 1250]" then -- Ship Deckhand [Lv. 1250]
			Ms = "Ship Deckhand [Lv. 1250]"
			NameQuest = "ShipQuest1"
			LevelQuest = 1
			NameMon = "Ship Deckhand"
			CFrameQuest = CFrame.new(1037.80127, 125.092171, 32911.6016, -0.244533166, -0, -0.969640911, -0, 1.00000012, -0, 0.96964103, 0, -0.244533136)
			CFrameMon = CFrame.new(1163.80872, 138.288452, 33058.4258, -0.998580813, 5.49076979e-08, -0.0532564968, 5.57436763e-08, 1, -1.42118655e-08, 0.0532564968, -1.71604082e-08, -0.998580813)
			SPAWNPOINT = "Ship"
			CanWarp = true
			PositionWarp = Vector3.new(923.21252441406, 126.9760055542, 32852.83203125)
			DistanceWarp = 20000
        elseif MyLevel == 1275 or MyLevel <= 1299 or _G.Select_Mob_Farm == "Ship Engineer [Lv. 1275]"  then -- Ship Engineer [Lv. 1275]
			Ms = "Ship Engineer [Lv. 1275]"
			NameQuest = "ShipQuest1"
			LevelQuest = 2
			NameMon = "Ship Engineer"
			CFrameQuest = CFrame.new(1037.80127, 125.092171, 32911.6016, -0.244533166, -0, -0.969640911, -0, 1.00000012, -0, 0.96964103, 0, -0.244533136)
			CFrameMon = CFrame.new(916.666504, 44.0920448, 32917.207, -0.99746871, -4.85034697e-08, -0.0711069331, -4.8925461e-08, 1, 4.19294288e-09, 0.0711069331, 7.66126895e-09, -0.99746871)
			SPAWNPOINT = "Ship"
			CanWarp = true
			PositionWarp = Vector3.new(923.21252441406, 126.9760055542, 32852.83203125)
			DistanceWarp = 20000
        elseif MyLevel == 1300 or MyLevel <= 1324 or _G.Select_Mob_Farm == "Ship Steward [Lv. 1300]" then -- Ship Steward [Lv. 1300]
			Ms = "Ship Steward [Lv. 1300]"
			NameQuest = "ShipQuest2"
			LevelQuest = 1
			NameMon = "Ship Steward"
			CFrameQuest = CFrame.new(968.80957, 125.092171, 33244.125, -0.869560242, 1.51905191e-08, -0.493826836, 1.44108379e-08, 1, 5.38534195e-09, 0.493826836, -2.43357912e-09, -0.869560242)
			CFrameMon = CFrame.new(918.743286, 129.591064, 33443.4609, -0.999792814, -1.7070947e-07, -0.020350717, -1.72559169e-07, 1, 8.91351277e-08, 0.020350717, 9.2628369e-08, -0.999792814)
			SPAWNPOINT = "Ship"
			CanWarp = true
